3 12
0
0.0473684 0.884211
0.0842105 0.678947
0.194737 0.515789
0.405263 0.478947
0.594737 0.463158
0.736842 0.4
0.784211 0.236842
0.936842 0.163158
0.684211 0.636842
0.731579 0.873684
0.226316 0.752632
0.315789 0.605263
1
0.111939 0.903594
0.113934 0.69506
0.194737 0.515789
0.405263 0.478947
0.594737 0.463158
0.736842 0.4
0.784211 0.236842
0.936842 0.163158
0.713949 0.628595
0.807334 0.851344
0.242105 0.752632
0.315789 0.605263
2
0.0473684 0.884211
0.0842105 0.678947
0.194737 0.515789
0.405263 0.478947
0.594737 0.463158
0.736842 0.4
0.784211 0.236842
0.936842 0.163158
0.684211 0.636842
0.731579 0.873684
0.226316 0.752632
0.315789 0.605263
