3 18
0
0.0736842 0.863159
0.0842105 0.678947
0.194737 0.515789
0.405263 0.478947
0.594737 0.463158
0.736842 0.4
0.784211 0.236842
0.936842 0.163158
0.684211 0.636842
0.731579 0.857894
0.226316 0.752632
0.315789 0.605263
0.484211 0.6
0.1 0.342105
0.268421 0.289474
0.463158 0.268421
0.805263 0.105263
0.831579 0.452632
1
0.187082 0.908676
0.149694 0.718411
0.200101 0.528342
0.405263 0.478947
0.594737 0.463158
0.736842 0.4
0.784211 0.236842
0.948467 0.239827
0.713949 0.628595
0.807334 0.851344
0.285553 0.754254
0.334153 0.596821
0.484211 0.6
0.1 0.342105
0.268421 0.289474
0.463158 0.268421
0.856273 0.129532
0.831579 0.452632
2
0.0473684 0.884211
0.0842105 0.678947
0.194737 0.515789
0.405263 0.478947
0.594737 0.463158
0.736842 0.4
0.784211 0.236842
0.936842 0.163158
0.684211 0.636842
0.731579 0.873684
0.226316 0.752632
0.315789 0.605263
0.484211 0.6
0.1 0.342105
0.268421 0.289474
0.463158 0.268421
0.805263 0.105263
0.831579 0.452632
