3 20
0
0.721053 0.352632
0.905263 0.115789
0.905263 0.242105
0.731579 0.173684
0.847368 0.310526
0.668421 0.273684
0.810526 0.384211
0.5 0.336842
0.2 0.373684
0.284211 0.573684
0.457895 0.573684
0.605263 0.584211
0.726316 0.594737
0.778947 0.873684
0.715789 0.731579
0.605263 0.831579
0.584211 0.684211
0.0473684 0.642105
0.663158 0.921053
0.105263 0.884211
1
0.721053 0.352632
0.980189 0.201383
0.933168 0.318621
0.797436 0.190463
0.853964 0.360573
0.701592 0.259766
0.792341 0.415248
0.5 0.336842
0.2 0.373684
0.284211 0.573684
0.457895 0.573684
0.605263 0.584211
0.726316 0.594737
0.778947 0.873684
0.715789 0.731579
0.605263 0.831579
0.584211 0.684211
0.0473684 0.642105
0.663158 0.921053
0.105263 0.884211
2
0.721053 0.352632
0.905263 0.115789
0.905263 0.242105
0.731579 0.173684
0.847368 0.310526
0.668421 0.273684
0.810526 0.384211
0.5 0.336842
0.2 0.373684
0.284211 0.573684
0.457895 0.573684
0.605263 0.584211
0.726316 0.594737
0.778947 0.873684
0.715789 0.731579
0.605263 0.831579
0.584211 0.684211
0.0473684 0.642105
0.663158 0.921053
0.105263 0.884211
