3 25
0
0.0105263 0.884211
0.126316 0.884211
0.0263158 0.689474
0.184211 0.710526
0.121053 0.542105
0.263158 0.605263
0.242105 0.357895
0.394737 0.336842
0.394737 0.610526
0.515789 0.315789
0.536842 0.621053
0.636842 0.305263
0.715789 0.610526
0.584211 0.773684
0.736842 0.815789
0.689474 0.921053
0.805263 0.484211
0.842105 0.305263
0.705263 0.157895
0.852632 0.0736842
0.921053 0.257895
0.973684 0.110526
0.810526 0.905263
0.994737 0.257895
0.768421 0.973684
1
0.0105263 0.884211
0.126316 0.884211
0.0210526 0.731579
0.163158 0.8
0.0631579 0.642105
0.217532 0.726777
0.128088 0.500726
0.268477 0.437239
0.345198 0.694498
0.378585 0.382711
0.54761 0.643226
0.491678 0.338277
0.665081 0.529521
0.750315 0.687769
0.844544 0.56053
0.909013 0.629777
0.72101 0.434071
0.695049 0.283602
0.522023 0.181107
0.639449 0.0585504
0.757315 0.215784
0.765979 0.0595389
0.942105 0.536842
0.863158 0.152632
0.926316 0.915789
2
0.0105263 0.884211
0.126316 0.884211
0.0263158 0.689474
0.184211 0.710526
0.121053 0.542105
0.263158 0.605263
0.242105 0.357895
0.394737 0.336842
0.394737 0.610526
0.515789 0.315789
0.536842 0.621053
0.636842 0.305263
0.715789 0.615789
0.584211 0.778947
0.736842 0.821053
0.689474 0.926316
0.810526 0.489474
0.847368 0.310526
0.710526 0.163158
0.857895 0.0789474
0.926316 0.263158
0.978947 0.115789
0.810526 0.905263
0.994737 0.257895
0.768421 0.973684
