3 15
0
0.0473684 0.873684
0.0368421 0.715789
0.110526 0.757895
0.121053 0.563158
0.236842 0.626316
0.231579 0.468421
0.363158 0.452632
0.489474 0.452632
0.636842 0.468421
0.742105 0.373684
0.815789 0.226316
0.963158 0.163158
0.647368 0.631579
0.657895 0.789474
0.721053 0.863158
1
0.132582 0.88543
0.0944622 0.7543
0.175334 0.780028
0.149961 0.586307
0.271269 0.624899
0.238179 0.47051
0.363158 0.452632
0.489474 0.452632
0.636842 0.468421
0.742105 0.373684
0.815789 0.226316
0.963158 0.163158
0.679255 0.626633
0.737119 0.77392
0.81963 0.825009
2
0.0473684 0.873684
0.0368421 0.715789
0.110526 0.757895
0.126316 0.563158
0.236842 0.626316
0.236842 0.468421
0.363158 0.452632
0.489474 0.452632
0.636842 0.468421
0.742105 0.373684
0.815789 0.226316
0.963158 0.163158
0.647368 0.631579
0.657895 0.789474
0.721053 0.863158
