3 40
0
0.0105263 0.878947
0.0105263 0.752632
0.0631579 0.652632
0.142105 0.589474
0.247368 0.589474
0.163158 0.726316
0.0842105 0.8
0.0947368 0.894737
0.594737 0.626316
0.731579 0.621053
0.6 0.768421
0.715789 0.742105
0.657895 0.905263
0.778947 0.910526
0.178947 0.389474
0.352632 0.357895
0.552632 0.352632
0.684211 0.273684
0.757895 0.152632
0.921053 0.110526
0.9 0.247368
0.821053 0.378947
0.8 0.521053
0.436842 0.6
0.694737 0.526316
0.0842105 0.484211
0.973684 0.194737
0.742105 0.221053
0.652632 0.189474
0.936842 0.473684
0.936842 0.826316
0.947368 0.963158
0.936842 0.668421
0.526316 0.468421
0.410526 0.468421
0.668421 0.415789
0.442105 0.0736842
0.321053 0.794737
0.0263158 0.552632
0.257895 0.484211
1
0.252056 0.977021
0.182915 0.865072
0.175146 0.752335
0.209127 0.657115
0.298686 0.601801
0.298946 0.762478
0.270497 0.866654
0.339244 0.947916
0.634358 0.629156
0.761488 0.594041
0.71644 0.695851
0.832483 0.65442
0.713824 0.791757
0.829616 0.75607
0.178947 0.389474
0.352632 0.357895
0.552632 0.352632
0.684211 0.273684
0.757895 0.152632
0.921053 0.110526
0.9 0.247368
0.821053 0.378947
0.794737 0.521053
0.436842 0.6
0.694737 0.526316
0.0842105 0.484211
0.973684 0.194737
0.742105 0.221053
0.652632 0.189474
0.936842 0.473684
0.936842 0.826316
0.947368 0.963158
0.936842 0.668421
0.526316 0.468421
0.410526 0.468421
0.668421 0.415789
0.442105 0.0736842
0.405263 0.794737
0.0263158 0.552632
0.257895 0.484211
2
0.00526316 0.868421
0.0105263 0.752632
0.0631579 0.652632
0.142105 0.589474
0.247368 0.589474
0.163158 0.726316
0.0842105 0.8
0.1 0.889474
0.594737 0.626316
0.731579 0.621053
0.6 0.768421
0.715789 0.742105
0.657895 0.905263
0.778947 0.910526
0.178947 0.389474
0.352632 0.357895
0.552632 0.352632
0.684211 0.273684
0.757895 0.152632
0.921053 0.110526
0.9 0.247368
0.821053 0.378947
0.794737 0.521053
0.436842 0.6
0.694737 0.526316
0.0842105 0.484211
0.973684 0.194737
0.742105 0.221053
0.652632 0.189474
0.936842 0.473684
0.936842 0.826316
0.947368 0.963158
0.936842 0.668421
0.526316 0.468421
0.410526 0.468421
0.668421 0.415789
0.442105 0.0736842
0.321053 0.794737
0.0263158 0.552632
0.257895 0.484211
