3 13
0
0.489474 0.515789
0.6 0.457895
0.673684 0.394737
0.636842 0.278947
0.584211 0.168421
0.573684 0.0368421
0.778947 0.357895
0.868421 0.305263
0.952632 0.410526
0.847368 0.457895
0.263158 0.547368
0.373684 0.715789
0.5 0.978947
1
0.465416 0.480316
0.550436 0.388995
0.598957 0.304948
0.525745 0.207971
0.439389 0.121203
0.385753 0.000591576
0.686006 0.235232
0.752916 0.155869
0.867311 0.227182
0.783758 0.306827
0.263158 0.547368
0.373684 0.715789
0.5 0.978947
2
0.498696 0.544983
0.619855 0.515177
0.706497 0.471456
0.698391 0.350217
0.673695 0.230316
0.694916 0.100033
0.817515 0.460835
0.916975 0.431108
0.973593 0.553445
0.860057 0.574287
0.263158 0.547368
0.373684 0.715789
0.5 0.978947
