3 15
0
0.0421053 0.973684
0.0684211 0.778947
0.278947 0.421053
0.568421 0.4
0.663158 0.505263
0.726316 0.247368
0.8 0.0631579
0.931579 0.1
0.673684 0.710526
0.668421 0.873684
0.689474 0.978947
0.726316 0.978947
0.657895 0.347368
0.431579 0.410526
0.278947 0.636842
1
0.0421053 0.973684
0.0684211 0.778947
0.278947 0.421053
0.568421 0.4
0.657895 0.505263
0.726316 0.247368
0.8 0.0631579
0.931579 0.1
0.673684 0.710526
0.668421 0.873684
0.689474 0.978947
0.726316 0.978947
0.657895 0.347368
0.431579 0.410526
0.278947 0.636842
2
0.0421053 0.973684
0.0684211 0.778947
0.278947 0.421053
0.568421 0.4
0.663158 0.505263
0.726316 0.247368
0.8 0.0631579
0.931579 0.1
0.673684 0.710526
0.668421 0.873684
0.689474 0.978947
0.726316 0.978947
0.657895 0.347368
0.431579 0.410526
0.278947 0.636842
