3 20
0
0.657895 0.552632
0.705263 0.884211
0.605263 0.742105
0.710526 0.742105
0.747368 0.405263
0.0894737 0.884211
0.163158 0.694737
0.278947 0.557895
0.626316 0.331579
0.8 0.110526
0.973684 0.115789
0.942105 0.215789
0.426316 0.363158
0.194737 0.373684
0.489474 0.584211
0.0631579 0.6
0.657895 0.184211
0.573684 0.584211
0.00526316 0.768421
0.273684 0.668421
1
0.657895 0.552632
0.981051 0.640713
0.810933 0.676121
0.85061 0.58433
0.747368 0.405263
0.0894737 0.884211
0.163158 0.694737
0.278947 0.557895
0.626316 0.331579
0.8 0.110526
0.973684 0.115789
0.942105 0.215789
0.426316 0.363158
0.194737 0.373684
0.489474 0.584211
0.0631579 0.6
0.657895 0.184211
0.573684 0.584211
0.00526316 0.768421
0.273684 0.668421
2
0.657895 0.552632
0.705263 0.884211
0.605263 0.742105
0.705263 0.742105
0.747368 0.405263
0.0894737 0.884211
0.163158 0.694737
0.278947 0.557895
0.626316 0.331579
0.8 0.110526
0.973684 0.115789
0.942105 0.215789
0.426316 0.363158
0.194737 0.373684
0.489474 0.584211
0.0631579 0.6
0.657895 0.184211
0.573684 0.584211
0.00526316 0.768421
0.273684 0.668421
