3 34
0
0.605263 0.631579
0.721053 0.626316
0.605263 0.768421
0.715789 0.757895
0.657895 0.915789
0.778947 0.915789
0.154359 0.56609
0.285158 0.607661
0.0961765 0.695845
0.241194 0.749983
0.090218 0.817208
0.219234 0.9137
0.117481 0.940659
0.215789 0.363158
0.389474 0.347368
0.615789 0.326316
0.694737 0.189474
0.9 0.0947368
0.915789 0.236842
0.847368 0.363158
0.810526 0.5
0.436842 0.6
0.542105 0.521053
0.531579 0.615789
0.789474 0.257895
0.315789 0.0842105
0.621053 0.0684211
0.0578947 0.236842
0.494737 0.331579
0.373684 0.442105
0.984211 0.168421
0.768421 0.115789
0.857895 0.147368
0.978947 0.263158
1
0.651643 0.634892
0.756742 0.586014
0.703654 0.761464
0.801885 0.709719
0.808348 0.877769
0.920316 0.831758
0.150758 0.561318
0.279541 0.608769
0.0867603 0.688306
0.229178 0.748955
0.0753131 0.809275
0.199828 0.911509
0.0969589 0.933833
0.215789 0.363158
0.389474 0.347368
0.615789 0.326316
0.694737 0.189474
0.9 0.0947368
0.915789 0.236842
0.847368 0.363158
0.810526 0.5
0.436842 0.6
0.542105 0.521053
0.531579 0.615789
0.789474 0.257895
0.315789 0.0842105
0.621053 0.0684211
0.0578947 0.236842
0.494737 0.331579
0.373684 0.442105
0.984211 0.168421
0.768421 0.115789
0.857895 0.147368
0.978947 0.263158
2
0.675112 0.629543
0.768344 0.560675
0.751336 0.74319
0.837265 0.672883
0.877133 0.836264
0.977667 0.768835
0.136842 0.536842
0.252632 0.610526
0.0473684 0.647368
0.173684 0.736842
0.0105263 0.763158
0.110526 0.889474
0.00526316 0.889474
0.215789 0.363158
0.389474 0.347368
0.615789 0.326316
0.694737 0.189474
0.9 0.1
0.915789 0.247368
0.847368 0.363158
0.810526 0.5
0.442105 0.6
0.542105 0.521053
0.568421 0.615789
0.789474 0.257895
0.315789 0.0842105
0.621053 0.0684211
0.0578947 0.236842
0.494737 0.331579
0.373684 0.442105
0.984211 0.168421
0.768421 0.115789
0.857895 0.147368
0.978947 0.263158
