3 22
0
0.468421 0.152632
0.426316 0.268421
0.394737 0.368421
0.357895 0.484211
0.321053 0.594737
0.289474 0.689474
0.252632 0.784211
0.221053 0.868421
0.336842 0.821053
0.157895 0.747368
0.105263 0.836842
0.305263 0.926316
0.384211 0.705263
0.184211 0.631579
0.215789 0.494737
0.257895 0.389474
0.294737 0.263158
0.326316 0.147368
0.594737 0.184211
0.531579 0.321053
0.505263 0.426316
0.452632 0.542105
1
0.496986 0.161657
0.492232 0.284773
0.492682 0.389639
0.492939 0.511149
0.49159 0.627646
0.490434 0.727501
0.48266 0.82395
0.47829 0.91378
0.574097 0.833331
0.381198 0.817782
0.358388 0.91905
0.576153 0.943209
0.58547 0.713621
0.372523 0.704497
0.360828 0.564546
0.368796 0.451455
0.365325 0.319922
0.360056 0.200019
0.626913 0.153175
0.613548 0.301158
0.615605 0.411036
0.600826 0.537365
2
0.528406 0.155395
0.565596 0.272855
0.601509 0.371382
0.642872 0.485634
0.681027 0.595714
0.713732 0.690069
0.739055 0.783458
0.765344 0.869467
0.828272 0.761342
0.641494 0.81199
0.6543 0.915002
0.867392 0.864041
0.798462 0.644846
0.594993 0.708326
0.536626 0.58059
0.505851 0.471475
0.458073 0.348877
0.412537 0.237833
0.647796 0.103444
0.6853 0.247218
0.72442 0.349917
0.753265 0.473793
